params: [1.85940981e+06 2.83225573e+01 1.85066338e+04 1.64192324e+00
 1.28657541e+03] 
 covariance: [[ 2.14218189e+01 -3.73431930e-02 -8.51756191e+06  2.41756495e-02
  -9.72459120e+05]
 [-3.73431930e-02  1.92570919e-02 -5.67553637e+04  3.44745909e-03
  -6.45567628e+03]
 [-8.51756191e+06 -5.67553637e+04  4.19312992e+12 -3.82408245e+04
   4.78520433e+11]
 [ 2.41756495e-02  3.44745909e-03 -3.82408245e+04  1.16931018e-03
  -4.35769610e+03]
 [-9.72459120e+05 -6.45567628e+03  4.78520433e+11 -4.35769610e+03
   5.46088526e+10]]