params: [3.55967459e+04 8.83658174e+01 5.00588410e+01 1.99304172e+00
 1.69256558e+00] 
 covariance: [[ 6.53132639e-02  2.16008521e-02  1.04306347e+00 -1.20590093e-02
   5.46223742e-02]
 [ 2.16008521e-02  7.70662567e-02  6.91948239e-01 -1.34750067e-02
   3.63085162e-02]
 [ 1.04306347e+00  6.91948239e-01  2.39242040e+01 -3.25791084e-01
   1.21738882e+00]
 [-1.20590093e-02 -1.34750067e-02 -3.25791084e-01  5.04379145e-03
  -1.65137785e-02]
 [ 5.46223742e-02  3.63085162e-02  1.21738882e+00 -1.65137785e-02
   6.21869638e-02]]