params: [1.56578143e+04 3.27836361e+01 1.68312312e+02 1.94929658e+00
 5.96819528e+00] 
 covariance: [[ 1.11173391e-02  5.02636353e-03 -1.85115433e+00  2.33518396e-03
  -1.08284471e-01]
 [ 5.02636353e-03  5.66804469e-02 -3.52334816e+00  8.13605941e-03
  -1.91118975e-01]
 [-1.85115433e+00 -3.52334816e+00  7.88957100e+02 -1.28784308e+00
   4.41924520e+01]
 [ 2.33518396e-03  8.13605941e-03 -1.28784308e+00  2.41519275e-03
  -7.08489521e-02]
 [-1.08284471e-01 -1.91118975e-01  4.41924520e+01 -7.08489521e-02
   2.48242175e+00]]