params: [3.90089065e+05 9.94005652e+01 1.39418173e+04 1.64564678e+00
 8.50011489e+02] 
 covariance: [[ 1.04891960e+02  4.22205125e-01  2.32984328e+07 -3.46677695e-01
   2.33732020e+06]
 [ 4.22205125e-01  3.48180737e-02  1.55354250e+05 -7.43839348e-03
   1.55617612e+04]
 [ 2.32984328e+07  1.55354250e+05  5.49355732e+12 -1.00498047e+05
   5.51023238e+11]
 [-3.46677695e-01 -7.43839348e-03 -1.00498047e+05  3.07036948e-03
  -1.00743393e+04]
 [ 2.33732020e+06  1.55617612e+04  5.51023238e+11 -1.00743393e+04
   5.52696099e+10]]