params: [2.05017908e+04 3.75617279e+01 7.09566447e+01 1.88350743e+00
 3.20511326e+00] 
 covariance: [[ 3.23633025e-02  1.51409990e-02 -1.57828115e+00  7.43905609e-03
  -1.07313544e-01]
 [ 1.51409990e-02  1.13223337e-01 -2.12961500e+00  1.73942634e-02
  -1.37399222e-01]
 [-1.57828115e+00 -2.12961500e+00  1.45440431e+02 -8.44871213e-01
   9.49699280e+00]
 [ 7.43905609e-03  1.73942634e-02 -8.44871213e-01  5.58153330e-03
  -5.43990170e-02]
 [-1.07313544e-01 -1.37399222e-01  9.49699280e+00 -5.43990170e-02
   6.22139716e-01]]