params: [3.50923074e+03 9.19542307e+01 1.09683832e+02 1.98444779e+00
 2.74583101e+00] 
 covariance: [[ 2.46756553e-02  9.95568437e-03  1.28679347e+00 -4.77900279e-03
   5.07707010e-02]
 [ 9.95568437e-03  5.36636395e-02  1.29450001e+00 -8.19215388e-03
   4.88854351e-02]
 [ 1.28679347e+00  1.29450001e+00  1.12886282e+02 -5.08677325e-01
   4.29024959e+00]
 [-4.77900279e-03 -8.19215388e-03 -5.08677325e-01  2.60387223e-03
  -1.90871281e-02]
 [ 5.07707010e-02  4.88854351e-02  4.29024959e+00 -1.90871281e-02
   1.63590910e-01]]